  -1.2248153e+02   4.7369232e+01
  -1.2248153e+02   4.7372220e+01
  -1.2248153e+02   4.7375198e+01
  -1.2248153e+02   4.7378168e+01
  -1.2247764e+02   4.7369232e+01
  -1.2247764e+02   4.7372220e+01
  -1.2247764e+02   4.7375198e+01
  -1.2247764e+02   4.7378168e+01
  -1.2247764e+02   4.7381128e+01
  -1.2247373e+02   4.7369232e+01
  -1.2247373e+02   4.7372220e+01
  -1.2247373e+02   4.7375198e+01
  -1.2247373e+02   4.7378168e+01
  -1.2247373e+02   4.7381128e+01
  -1.2247373e+02   4.7384080e+01
  -1.2246983e+02   4.7369232e+01
  -1.2246983e+02   4.7372220e+01
  -1.2246983e+02   4.7375198e+01
  -1.2246983e+02   4.7378168e+01
  -1.2246983e+02   4.7381128e+01
  -1.2246983e+02   4.7384080e+01
  -1.2246591e+02   4.7372220e+01
  -1.2246591e+02   4.7375198e+01
  -1.2246591e+02   4.7378168e+01
  -1.2246591e+02   4.7381128e+01
  -1.2246591e+02   4.7384080e+01
  -1.2246199e+02   4.7375198e+01
  -1.2246199e+02   4.7378168e+01
  -1.2246199e+02   4.7381128e+01
  -1.2246199e+02   4.7384080e+01
  -1.2245806e+02   4.7375198e+01
  -1.2245806e+02   4.7378168e+01
  -1.2245806e+02   4.7381128e+01
  -1.2245806e+02   4.7384080e+01
  -1.2245806e+02   4.7398710e+01
  -1.2245806e+02   4.7401611e+01
  -1.2245412e+02   4.7375198e+01
  -1.2245412e+02   4.7378168e+01
  -1.2245412e+02   4.7381128e+01
  -1.2245412e+02   4.7384080e+01
  -1.2245412e+02   4.7398710e+01
  -1.2245412e+02   4.7401611e+01
  -1.2245017e+02   4.7378168e+01
  -1.2245017e+02   4.7381128e+01
  -1.2245017e+02   4.7384080e+01
  -1.2245017e+02   4.7395800e+01
  -1.2245017e+02   4.7398710e+01
  -1.2245017e+02   4.7401611e+01
  -1.2244622e+02   4.7381128e+01
  -1.2244622e+02   4.7384080e+01
  -1.2244622e+02   4.7387023e+01
  -1.2244622e+02   4.7389956e+01
  -1.2244622e+02   4.7392882e+01
  -1.2244622e+02   4.7395800e+01
  -1.2244622e+02   4.7398710e+01
  -1.2244622e+02   4.7401611e+01
  -1.2244226e+02   4.7384080e+01
  -1.2244226e+02   4.7387023e+01
  -1.2244226e+02   4.7389956e+01
  -1.2244226e+02   4.7392882e+01
  -1.2244226e+02   4.7395800e+01
  -1.2244226e+02   4.7398710e+01
  -1.2244226e+02   4.7401611e+01
  -1.2243829e+02   4.7389956e+01
  -1.2243829e+02   4.7392882e+01
  -1.2243829e+02   4.7441434e+01
  -1.2243829e+02   4.7444226e+01
  -1.2243829e+02   4.7447011e+01
  -1.2243829e+02   4.7449789e+01
